(1) 50 - 6
(2) 2 + 20
(3) 3 + 10
(4) 7 - 6
(5) 8 + 10
(6) 9 - 0
(7) 5 - 2
(8) 8 + 9
(9) 10 - 3
(10) 7 + 6
(11) 5 + 6
(12) 8 + 80
(13) 90 - 8
(14) 7 + 60
(15) 50 - 6
(16) 4 + 60
(17) 9 + 30
(18) 90 - 2
(19) 6 - 3
(20) 7 + 90
(21) 8 + 60
(22) 2 + 3
(23) 1 + 60
(24) 5 + 2
(25) 6 + 20
(26) 7 - 7
(27) 9 - 4
(28) 8 + 20
(29) 8 + 4
(30) 6 - 3
(31) 8 + 4
(32) 10 - 9
(33) 6 + 60
(34) 40 - 9
(35) 4 + 10
(36) 8 - 6
(37) 3 + 70
(38) 7 + 3
(39) 5 - 3
(40) 70 - 9
(41) 8 + 90
(42) 9 + 10
(43) 5 - 1
(44) 2 + 10
(45) 50 - 2
(46) 3 + 50
(47) 5 - 4
(48) 4 + 7
(49) 8 + 8
(50) 8 + 60
(51) 1 + 10
(52) 7 + 50
(53) 90 - 5
(54) 10 - 6
(55) 9 + 30
(56) 6 + 30
(57) 9 - 2
(58) 60 - 7
(59) 2 + 6
(60) 60 - 8
(61) 7 - 7
(62) 1 + 6
(63) 20 - 4
(64) 9 - 8
(65) 40 - 7
(66) 6 - 0
(67) 2 + 8
(68) 5 - 0
(69) 5 + 6
(70) 9 + 70
(71) 8 - 6
(72) 20 - 8
(73) 8 + 60
(74) 9 + 2
(75) 3 + 60
(76) 9 + 9
(77) 9 - 9
(78) 8 - 5
(79) 2 + 2
(80) 80 - 8
(81) 3 + 8
(82) 40 - 7
(83) 90 - 3
(84) 9 - 1
(85) 9 - 3
(86) 7 - 0
(87) 9 + 7
(88) 9 - 0
(89) 9 + 8
(90) 8 + 6
(91) 5 + 70
(92) 8 - 1
(93) 9 + 6
(94) 8 + 6
(95) 80 - 7
(96) 6 - 4
(97) 80 - 8
(98) 6 + 9
(99) 8 + 9
(100) 4 + 4

(1) 50 - 6 = 44
(2) 2 + 20 = 22
(3) 3 + 10 = 13
(4) 7 - 6 = 1
(5) 8 + 10 = 18
(6) 9 - 0 = 9
(7) 5 - 2 = 3
(8) 8 + 9 = 17
(9) 10 - 3 = 7
(10) 7 + 6 = 13
(11) 5 + 6 = 11
(12) 8 + 80 = 88
(13) 90 - 8 = 82
(14) 7 + 60 = 67
(15) 50 - 6 = 44
(16) 4 + 60 = 64
(17) 9 + 30 = 39
(18) 90 - 2 = 88
(19) 6 - 3 = 3
(20) 7 + 90 = 97
(21) 8 + 60 = 68
(22) 2 + 3 = 5
(23) 1 + 60 = 61
(24) 5 + 2 = 7
(25) 6 + 20 = 26
(26) 7 - 7 = 0
(27) 9 - 4 = 5
(28) 8 + 20 = 28
(29) 8 + 4 = 12
(30) 6 - 3 = 3
(31) 8 + 4 = 12
(32) 10 - 9 = 1
(33) 6 + 60 = 66
(34) 40 - 9 = 31
(35) 4 + 10 = 14
(36) 8 - 6 = 2
(37) 3 + 70 = 73
(38) 7 + 3 = 10
(39) 5 - 3 = 2
(40) 70 - 9 = 61
(41) 8 + 90 = 98
(42) 9 + 10 = 19
(43) 5 - 1 = 4
(44) 2 + 10 = 12
(45) 50 - 2 = 48
(46) 3 + 50 = 53
(47) 5 - 4 = 1
(48) 4 + 7 = 11
(49) 8 + 8 = 16
(50) 8 + 60 = 68
(51) 1 + 10 = 11
(52) 7 + 50 = 57
(53) 90 - 5 = 85
(54) 10 - 6 = 4
(55) 9 + 30 = 39
(56) 6 + 30 = 36
(57) 9 - 2 = 7
(58) 60 - 7 = 53
(59) 2 + 6 = 8
(60) 60 - 8 = 52
(61) 7 - 7 = 0
(62) 1 + 6 = 7
(63) 20 - 4 = 16
(64) 9 - 8 = 1
(65) 40 - 7 = 33
(66) 6 - 0 = 6
(67) 2 + 8 = 10
(68) 5 - 0 = 5
(69) 5 + 6 = 11
(70) 9 + 70 = 79
(71) 8 - 6 = 2
(72) 20 - 8 = 12
(73) 8 + 60 = 68
(74) 9 + 2 = 11
(75) 3 + 60 = 63
(76) 9 + 9 = 18
(77) 9 - 9 = 0
(78) 8 - 5 = 3
(79) 2 + 2 = 4
(80) 80 - 8 = 72
(81) 3 + 8 = 11
(82) 40 - 7 = 33
(83) 90 - 3 = 87
(84) 9 - 1 = 8
(85) 9 - 3 = 6
(86) 7 - 0 = 7
(87) 9 + 7 = 16
(88) 9 - 0 = 9
(89) 9 + 8 = 17
(90) 8 + 6 = 14
(91) 5 + 70 = 75
(92) 8 - 1 = 7
(93) 9 + 6 = 15
(94) 8 + 6 = 14
(95) 80 - 7 = 73
(96) 6 - 4 = 2
(97) 80 - 8 = 72
(98) 6 + 9 = 15
(99) 8 + 9 = 17
(100) 4 + 4 = 8

